idx  w  h srcX srcY yoff
000 16 16    0    0    0
001 16 16   16    0    0
002 16 16   32    0    0
003 16 16   48    0    0
004 16 16   64    0    0
005 16 16   80    0    0
006 16 16   96    0    0
007 16 16  112    0    0
008 16 16  128    0    0
009 16 16  144    0    0
00a 16 16  160    0    0
00b 16 16  176    0    0
00c 16 16  192    0    0
00d 16 16  208    0    0
00e 16 16  224    0    0
00f 16 16  240    0    0
010  6 16    0   16    0
011  1  1   16   16    0
012 11 16   32   16    0
013  5 16   48   16    0
014  5 16   64   16    0
015 14 16   80   16    0
016 14 16   96   16    0
017 14 16  112   16    0
018 14 16  128   16    0
019 14 16  144   16    0
01a 14 16  160   16    0
01b 14 16  176   16    0
01c 14 16  192   16    0
01d 14 16  208   16    0
01e  1  1  224   16    0
01f  1  1  240   16    0
020  4 16    0   32    0
021  3 16   16   32    0
022  5 16   32   32    0
023 11 16   48   32    0
024  8 16   64   32    0
025 11 16   80   32    0
026 10 16   96   32    0
027  3 16  112   32    0
028  5 16  128   32    0
029  5 16  144   32    0
02a  6 16  160   32    0
02b  7 16  176   32    0
02c  3 16  192   34    0
02d  4 16  208   30    0
02e  2 16  224   32    0
02f  6 16  240   32    0
030  7 16    0   48    0
031  7 16   15   48    0
032  7 16   32   48    0
033  7 16   48   48    0
034  7 16   64   48    0
035  7 16   80   48    0
036  7 16   96   48    0
037  7 16  112   48    0
038  7 16  128   48    0
039  7 16  144   48    0
03a  4 16  159   48    0
03b  4 16  176   48    0
03c  5 16  192   48    0
03d  6 16  208   48    0
03e  5 16  224   48    0
03f  6 16  240   48    0
040 10 16    0   64    0
041  7 16   16   64    0
042  7 16   32   64    0
043  7 16   48   64    0
044  7 16   64   64    0
045  7 16   80   64    0
046  7 16   96   64    0
047  7 16  112   64    0
048  8 16  128   64    0
049  4 16  144   64    0
04a  6 16  160   64    0
04b  7 16  176   64    0
04c  7 16  192   64    0
04d 11 16  208   64    0
04e  8 16  224   64    0
04f  7 16  240   64    0
050  7 16    0   80    0
051  7 16   16   80    0
052  8 16   32   80    0
053  7 16   48   80    0
054  8 16   64   80    0
055  8 16   80   80    0
056  7 16   96   80    0
057 11 16  112   80    0
058  7 16  128   80    0
059  7 16  144   80    0
05a  7 16  160   80    0
05b  4 16  176   80    0
05c  8 16  192   80    0
05d  4 16  208   80    0
05e  4 16  224   80    0
05f  8 16  240   80    0
060  4 16    0   96    0
061  7 16   16   96    0
062  7 16   32   96    0
063  5 16   48   96    0
064  7 16   64   96    0
065  5 16   80   96    0
066  5 16   96   96    0
067  6 16  112   96    0
068  7 16  128   96    0
069  4 16  144   96    0
06a  3 16  160   96    0
06b  7 16  176   96    0
06c  4 16  192   96    0
06d 11 16  208   96    0
06e  8 16  224   96    0
06f  6 16  240   96    0
070  7 16    0  112    0
071  7 16   16  112    0
072  6 16   32  112    0
073  5 16   48  112    0
074  4 16   64  112    0
075  8 16   80  112    0
076  6 16   96  112    0
077 11 16  112  112    0
078  6 16  128  112    0
079  6 16  144  112    0
07a  7 16  160  112    0
07b  5 16  176  112    0
07c  3 16  192  112    0
07d  5 16  208  112    0
07e  8 16  224  112    0
07f  1  1  240  112    0
080  1  1    0  128    0
081  1  1   16  128    0
082  5 16   38  128    0
083  8 16   52  128    0
084  7 16   68  128    0
085 11 16   82  128    0
086  7 16  100  128    0
087  7 16  116  128    0
088  6 16  132  128    0
089 16 16  144  128    0
08a  8 16  163  128    0
08b  5 16  181  128    0
08c 13 16  193  128    0
08d  1  1  208  128    0
08e  1  1  224  128    0
08f  1  1  240  128    0
090  1  1    0  144    0
091  4 16   22  144    0
092  4 16   38  144    0
093  7 16   52  144    0
094  7 16   68  144    0
095  5 16   85  144    0
096  9 16   99  144    0
097 15 16  112  144    0
098  6 16  133  144    0
099 14 16  145  144    0
09a  6 16  165  144    0
09b  5 16  181  144    0
09c  9 16  195  144    0
09d  1  1  208  144    0
09e  1  1  224  144    0
09f 10 16  243  144    0
0a0 16 16    0  160    0
0a1  3 16   22  160    0
0a2  7 16   36  160    0
0a3  7 16   52  160    0
0a4  8 16   67  160    0
0a5  9 16   83  160    0
0a6  3 16  102  160    0
0a7  7 16  116  160    0
0a8  5 16  133  160    0
0a9 11 16  146  160    0
0aa  5 16  165  160    0
0ab  8 16  179  160    0
0ac  7 16  196  160    0
0ad  5 16  213  160    0
0ae 11 16  226  160    0
0af  8 16  244  160    0
0b0  6 16    4  176    0
0b1  8 16   20  176    0
0b2  6 16   37  176    0
0b3  5 16   53  176    0
0b4  4 16   70  176    0
0b5  8 16   84  176    0
0b6  8 16  100  176    0
0b7  3 16  119  176    0
0b8  4 16  134  176    0
0b9  5 16  149  176    0
0ba  6 16  165  176    0
0bb  8 16  179  176    0
0bc 11 16  195  176    0
0bd 11 16  210  176    0
0be 12 16  226  176    0
0bf  7 16  244  176    0
0c0  7 16    0  192    0
0c1  7 16   16  192    0
0c2  7 16   32  192    0
0c3  7 16   48  192    0
0c4  7 16   64  192    0
0c5  7 16   80  192    0
0c6 13 16   96  192    0
0c7  9 16  112  192    0
0c8  7 16  128  192    0
0c9  7 16  144  192    0
0ca  7 16  160  192    0
0cb  7 16  176  192    0
0cc  4 16  192  192    0
0cd  4 16  208  192    0
0ce  4 16  224  192    0
0cf  4 16  240  192    0
0d0  7 16    0  208    0
0d1  8 16   16  208    0
0d2  7 16   32  208    0
0d3  7 16   48  208    0
0d4  7 16   64  208    0
0d5  7 16   80  208    0
0d6  7 16   96  208    0
0d7  7 16  116  208    0
0d8  7 16  128  208    0
0d9  8 16  144  208    0
0da  8 16  160  208    0
0db  8 16  176  208    0
0dc  8 16  192  208    0
0dd  7 16  208  208    0
0de  7 16  224  208    0
0df  8 16  240  208    0
0e0  7 16    0  224    0
0e1  7 16   16  224    0
0e2  7 16   32  224    0
0e3  7 16   48  224    0
0e4  7 16   64  224    0
0e5  7 16   80  224    0
0e6  9 16   96  224    0
0e7  5 16  112  224    0
0e8  5 16  128  224    0
0e9  5 16  144  224    0
0ea  5 16  160  224    0
0eb  5 16  176  224    0
0ec  4 16  192  224    0
0ed  4 16  208  224    0
0ee  4 16  224  224    0
0ef  4 16  240  224    0
0f0  6 16    0  240    0
0f1  7 16   16  240    0
0f2  6 16   32  240    0
0f3  6 16   48  240    0
0f4  6 16   64  240    0
0f5  6 16   80  240    0
0f6  6 16   96  240    0
0f7  8 16  112  240    0
0f8  6 16  128  240    0
0f9  8 16  144  240    0
0fa  8 16  160  240    0
0fb  8 16  176  240    0
0fc  8 16  192  240    0
0fd  6 16  208  240    0
0fe  7 16  224  240    0
0ff  6 16  240  240    0
