# Hero trace oracle - map 389 (Ship Klark (beginning)) - docs/plan-oracle-heros.md
# Scenario: spawn (real New Game position)
# Campaign: freestep (FixedTimeStep=0, today's production default)
#
# This oracle does NOT cover (verbatim per docs/plan-oracle-heros.md §1.3):
# 1. AlundraWorldProxy.LogicTicksThisFrame (a future M3.a's own clock switch);
# 2. the E5.c camera catch-up (UpdateCameraFollow / StepCameraScroll);
# 3. RunMapEventsPass;
# 4. the D3 catch-up (RunPendingEventTriggers);
# 5. AlundraWorldProxy.AdoptPlayerPawn: this harness RE-COPIES its New Game initial state field by
#    field, with no live link to production - if real adoption drifts, this trace stays green while
#    the real New Game state has changed;
# 6. the real entry path of AlundraPlayerController.BuildPadState (Input, InputMappingManager,
#    ComputePadState, the "AlundraButtons" mapping): short-circuited by this harness's own pad
#    provider seam, consulted at the head of the method.
#
# 7. (spawn scenario only) the mid-trace scripted reposition that produces predicate 5 (chute): NOT
#    a position the real New Game walk itself ever reaches - the same topological reason no slope
#    cell is reachable means no cliff-top tile is either. See the "chute" note below.
#
#
# §2.3 documented gap: starts at TargetAnimationId=0 (Idle)/CurrentAnimationId=~0, not
# AdoptPlayerPawn's real LoadingMap(0x36) - the LoadingMap->Idle bridge needs an
# animation asset absent from this headless montage.
#
# Predicate 5 (chute) note: at frame 210, the hero is
# repositioned (PushLogicalPositionToRoot - the SAME production entry point real
# scripted repositioning uses, e.g. opcode 0x64) to tile (24,56), pixel (588,904,32) -
# a non-slope, height-2 (32px) tile whose east neighbor (tile 25,56) is height-0 (this
# map's own global floor minimum) - a real 32px cliff. The pad then switches to Right
# (east); the hero walks off the cliff and FALLS for real (engine gravity, no scripted
# Z-only bump) before landing back on the real height-0 floor. Neither this tile nor
# any climb is reachable from the real New Game walk itself (§2.6 bis) - the reposition
# is a documented, one-shot relocation, not a claim that this position is reachable.
#
# Campaign comparison (§1.2 measurement): only column(s) [engineStepsDelta] differ between the two campaigns' own data lines - every other column (including every behavioral one: position, ground state, predicates) is identical, i.e. FixedTimeStep has NO observable effect on the hero beyond its own bookkeeping column, on this exact scripted walk.
#
# Columns: frame | dtMicros | dllTicks | engineStepsDelta | posX | posY | posZ | tileZ |
# isOnGround | forceAdjusted | targetAnim | targetDir | cellSlope | cellHeight
1 | 20000 | 1 | 0 | 52611072 | 62390272 | 0 | 0 | 1 | 0 | 1 | 8 | 0 | 0
2 | 4167 | 0 | 0 | 52611072 | 62390272 | 0 | 0 | 1 | 0 | 1 | 8 | 0 | 0
3 | 40000 | 2 | 0 | 52291584 | 62390272 | 0 | 0 | 1 | 0 | 1 | 8 | 0 | 0
4 | 20000 | 1 | 0 | 52131840 | 62390272 | 0 | 0 | 1 | 0 | 1 | 8 | 0 | 0
5 | 100000 | 4 | 0 | 51492864 | 62390272 | 0 | 0 | 1 | 0 | 1 | 8 | 0 | 0
6 | 20000 | 1 | 0 | 51333120 | 62390272 | 0 | 0 | 1 | 0 | 1 | 8 | 0 | 0
7 | 4167 | 0 | 0 | 51333120 | 62390272 | 0 | 0 | 1 | 0 | 1 | 8 | 0 | 0
8 | 20000 | 1 | 0 | 51173376 | 62390272 | 0 | 0 | 1 | 0 | 1 | 8 | 0 | 0
9 | 20000 | 1 | 0 | 51013632 | 62390272 | 0 | 0 | 1 | 0 | 1 | 8 | 0 | 0
10 | 20000 | 1 | 0 | 50853888 | 62390272 | 0 | 0 | 1 | 0 | 1 | 8 | 0 | 0
11 | 20000 | 1 | 0 | 50694144 | 62390272 | 0 | 0 | 1 | 0 | 1 | 8 | 0 | 0
12 | 20000 | 1 | 0 | 50534400 | 62390272 | 0 | 0 | 1 | 0 | 1 | 8 | 0 | 0
13 | 20000 | 1 | 0 | 50374656 | 62390272 | 0 | 0 | 1 | 0 | 1 | 8 | 0 | 0
14 | 20000 | 1 | 0 | 50214912 | 62390272 | 0 | 0 | 1 | 0 | 1 | 8 | 0 | 0
15 | 20000 | 1 | 0 | 50055168 | 62390272 | 0 | 0 | 1 | 0 | 1 | 8 | 0 | 0
16 | 20000 | 1 | 0 | 49895424 | 62390272 | 0 | 0 | 1 | 0 | 1 | 8 | 0 | 0
17 | 20000 | 1 | 0 | 49735680 | 62390272 | 0 | 0 | 1 | 0 | 1 | 8 | 0 | 0
18 | 20000 | 1 | 0 | 49575936 | 62390272 | 0 | 0 | 1 | 0 | 1 | 8 | 0 | 0
19 | 20000 | 1 | 0 | 49416192 | 62390272 | 0 | 0 | 1 | 0 | 1 | 8 | 0 | 0
20 | 20000 | 1 | 0 | 49256448 | 62390272 | 0 | 0 | 1 | 0 | 1 | 8 | 0 | 0
21 | 20000 | 1 | 0 | 49096704 | 62390272 | 0 | 0 | 1 | 0 | 1 | 8 | 0 | 0
22 | 20000 | 1 | 0 | 48936960 | 62390272 | 0 | 0 | 1 | 0 | 1 | 8 | 0 | 0
23 | 20000 | 1 | 0 | 48777216 | 62390272 | 0 | 0 | 1 | 0 | 1 | 8 | 0 | 0
24 | 20000 | 1 | 0 | 48617472 | 62390272 | 0 | 0 | 1 | 0 | 1 | 8 | 0 | 0
25 | 20000 | 1 | 0 | 48457728 | 62390272 | 0 | 0 | 1 | 0 | 1 | 8 | 0 | 0
26 | 20000 | 1 | 0 | 48297984 | 62390272 | 0 | 0 | 1 | 0 | 1 | 8 | 0 | 0
27 | 20000 | 1 | 0 | 48138240 | 62390272 | 0 | 0 | 1 | 0 | 1 | 8 | 0 | 0
28 | 20000 | 1 | 0 | 47978496 | 62390272 | 0 | 0 | 1 | 0 | 1 | 8 | 0 | 0
29 | 20000 | 1 | 0 | 47818752 | 62390272 | 0 | 0 | 1 | 0 | 1 | 8 | 0 | 0
30 | 20000 | 1 | 0 | 47659008 | 62390272 | 0 | 0 | 1 | 0 | 1 | 8 | 0 | 0
31 | 20000 | 1 | 0 | 47499264 | 62390272 | 0 | 0 | 1 | 0 | 1 | 8 | 0 | 0
32 | 20000 | 1 | 0 | 47339520 | 62390272 | 0 | 0 | 1 | 0 | 1 | 8 | 0 | 0
33 | 20000 | 1 | 0 | 47179776 | 62390272 | 0 | 0 | 1 | 0 | 1 | 8 | 0 | 0
34 | 20000 | 1 | 0 | 47020032 | 62390272 | 0 | 0 | 1 | 0 | 1 | 8 | 0 | 0
35 | 20000 | 1 | 0 | 46860288 | 62390272 | 0 | 0 | 1 | 0 | 1 | 8 | 0 | 0
36 | 20000 | 1 | 0 | 46700544 | 62390272 | 0 | 0 | 1 | 0 | 1 | 8 | 0 | 0
37 | 20000 | 1 | 0 | 46540800 | 62390272 | 0 | 0 | 1 | 0 | 1 | 8 | 0 | 0
38 | 20000 | 1 | 0 | 46381056 | 62390272 | 0 | 0 | 1 | 0 | 1 | 8 | 0 | 0
39 | 20000 | 1 | 0 | 46221312 | 62390272 | 0 | 0 | 1 | 0 | 1 | 8 | 0 | 0
40 | 20000 | 1 | 0 | 46061568 | 62390272 | 0 | 0 | 1 | 0 | 1 | 8 | 0 | 0
41 | 20000 | 1 | 0 | 45901824 | 62390272 | 0 | 0 | 1 | 0 | 1 | 8 | 0 | 0
42 | 20000 | 1 | 0 | 45742080 | 62390272 | 0 | 0 | 1 | 0 | 1 | 8 | 0 | 0
43 | 20000 | 1 | 0 | 45582336 | 62390272 | 0 | 0 | 1 | 0 | 1 | 8 | 0 | 0
44 | 20000 | 1 | 0 | 45422592 | 62390272 | 0 | 0 | 1 | 0 | 1 | 8 | 0 | 0
45 | 20000 | 1 | 0 | 45262848 | 62390272 | 0 | 0 | 1 | 0 | 1 | 8 | 0 | 0
46 | 20000 | 1 | 0 | 45103104 | 62390272 | 0 | 0 | 1 | 0 | 1 | 8 | 0 | 0
47 | 20000 | 1 | 0 | 44943360 | 62390272 | 0 | 0 | 1 | 0 | 1 | 8 | 0 | 0
48 | 20000 | 1 | 0 | 44783616 | 62390272 | 0 | 0 | 1 | 0 | 1 | 8 | 0 | 0
49 | 20000 | 1 | 0 | 44623872 | 62390272 | 0 | 0 | 1 | 0 | 1 | 8 | 0 | 0
50 | 20000 | 1 | 0 | 44464128 | 62390272 | 0 | 0 | 1 | 0 | 1 | 8 | 0 | 0
51 | 20000 | 1 | 0 | 44304384 | 62390272 | 0 | 0 | 1 | 0 | 1 | 8 | 0 | 0
52 | 20000 | 1 | 0 | 44144640 | 62390272 | 0 | 0 | 1 | 0 | 1 | 8 | 0 | 0
53 | 20000 | 1 | 0 | 43984896 | 62390272 | 0 | 0 | 1 | 0 | 1 | 8 | 0 | 0
54 | 20000 | 1 | 0 | 43825152 | 62390272 | 0 | 0 | 1 | 0 | 1 | 8 | 0 | 0
55 | 20000 | 1 | 0 | 43665408 | 62390272 | 0 | 0 | 1 | 0 | 1 | 8 | 0 | 0
56 | 20000 | 1 | 0 | 43505664 | 62390272 | 0 | 0 | 1 | 0 | 1 | 8 | 0 | 0
57 | 20000 | 1 | 0 | 43345920 | 62390272 | 0 | 0 | 1 | 0 | 1 | 8 | 0 | 0
58 | 20000 | 1 | 0 | 43186176 | 62390272 | 0 | 0 | 1 | 0 | 1 | 8 | 0 | 0
59 | 20000 | 1 | 0 | 43026432 | 62390272 | 0 | 0 | 1 | 0 | 1 | 8 | 0 | 0
60 | 20000 | 1 | 0 | 42866688 | 62390272 | 0 | 0 | 1 | 0 | 1 | 8 | 0 | 0
61 | 20000 | 1 | 0 | 42706944 | 62390272 | 0 | 0 | 1 | 0 | 1 | 8 | 0 | 0
62 | 20000 | 1 | 0 | 42547200 | 62390272 | 0 | 0 | 1 | 0 | 1 | 8 | 0 | 0
63 | 20000 | 1 | 0 | 42387456 | 62390272 | 0 | 0 | 1 | 0 | 1 | 8 | 0 | 0
64 | 20000 | 1 | 0 | 42227712 | 62390272 | 0 | 0 | 1 | 0 | 1 | 8 | 0 | 0
65 | 20000 | 1 | 0 | 42067968 | 62390272 | 0 | 0 | 1 | 0 | 1 | 8 | 0 | 0
66 | 20000 | 1 | 0 | 41908224 | 62390272 | 0 | 0 | 1 | 0 | 1 | 8 | 0 | 0
67 | 20000 | 1 | 0 | 41748480 | 62390272 | 0 | 0 | 1 | 0 | 1 | 8 | 0 | 0
68 | 20000 | 1 | 0 | 41588736 | 62390272 | 0 | 0 | 1 | 0 | 1 | 8 | 0 | 0
69 | 20000 | 1 | 0 | 41428992 | 62390272 | 0 | 0 | 1 | 0 | 1 | 8 | 0 | 0
70 | 20000 | 1 | 0 | 41269248 | 62390272 | 0 | 0 | 1 | 0 | 1 | 8 | 0 | 0
71 | 20000 | 1 | 0 | 41109504 | 62390272 | 0 | 0 | 1 | 0 | 1 | 8 | 0 | 0
72 | 20000 | 1 | 0 | 40949760 | 62390272 | 0 | 0 | 1 | 0 | 1 | 8 | 0 | 0
73 | 20000 | 1 | 0 | 40790016 | 62390272 | 0 | 0 | 1 | 0 | 1 | 8 | 0 | 0
74 | 20000 | 1 | 0 | 40630272 | 62390272 | 0 | 0 | 1 | 0 | 1 | 8 | 0 | 0
75 | 20000 | 1 | 0 | 40470528 | 62390272 | 0 | 0 | 1 | 0 | 1 | 8 | 0 | 0
76 | 20000 | 1 | 0 | 40310784 | 62390272 | 0 | 0 | 1 | 0 | 1 | 8 | 0 | 0
77 | 20000 | 1 | 0 | 40151040 | 62390272 | 0 | 0 | 1 | 0 | 1 | 8 | 0 | 0
78 | 20000 | 1 | 0 | 39991296 | 62390272 | 0 | 0 | 1 | 0 | 1 | 8 | 0 | 0
79 | 20000 | 1 | 0 | 39831552 | 62390272 | 0 | 0 | 1 | 0 | 1 | 8 | 0 | 0
80 | 20000 | 1 | 0 | 39671808 | 62390272 | 0 | 0 | 1 | 0 | 1 | 8 | 0 | 0
81 | 20000 | 1 | 0 | 39512064 | 62390272 | 0 | 0 | 1 | 0 | 1 | 8 | 0 | 0
82 | 20000 | 1 | 0 | 39352320 | 62390272 | 0 | 0 | 1 | 0 | 1 | 8 | 0 | 0
83 | 20000 | 1 | 0 | 39192576 | 62390272 | 0 | 0 | 1 | 0 | 1 | 8 | 0 | 0
84 | 20000 | 1 | 0 | 39032832 | 62390272 | 0 | 0 | 1 | 0 | 1 | 8 | 0 | 0
85 | 20000 | 1 | 0 | 38873088 | 62390272 | 0 | 0 | 1 | 0 | 1 | 8 | 0 | 0
86 | 20000 | 1 | 0 | 38713344 | 62390272 | 0 | 0 | 1 | 0 | 1 | 8 | 0 | 0
87 | 20000 | 1 | 0 | 38553600 | 62390272 | 0 | 0 | 1 | 0 | 1 | 8 | 0 | 0
88 | 20000 | 1 | 0 | 38393856 | 62390272 | 0 | 0 | 1 | 0 | 1 | 8 | 0 | 0
89 | 20000 | 1 | 0 | 38234112 | 62390272 | 0 | 0 | 1 | 0 | 1 | 8 | 0 | 0
90 | 20000 | 1 | 0 | 38074368 | 62390272 | 0 | 0 | 1 | 0 | 1 | 8 | 0 | 0
91 | 20000 | 1 | 0 | 37914624 | 62390272 | 0 | 0 | 1 | 0 | 1 | 8 | 0 | 0
92 | 20000 | 1 | 0 | 37754880 | 62390272 | 0 | 0 | 1 | 0 | 1 | 8 | 0 | 0
93 | 20000 | 1 | 0 | 37595136 | 62390272 | 0 | 0 | 1 | 0 | 1 | 8 | 0 | 0
94 | 20000 | 1 | 0 | 37435392 | 62390272 | 0 | 0 | 1 | 0 | 1 | 8 | 0 | 0
95 | 20000 | 1 | 0 | 37275648 | 62390272 | 0 | 0 | 1 | 0 | 1 | 8 | 0 | 0
96 | 20000 | 1 | 0 | 37115904 | 62390272 | 0 | 0 | 1 | 0 | 1 | 8 | 0 | 0
97 | 20000 | 1 | 0 | 36956160 | 62390272 | 0 | 0 | 1 | 0 | 1 | 8 | 0 | 0
98 | 20000 | 1 | 0 | 36956160 | 62390272 | 0 | 0 | 1 | 1 | 1 | 8 | 0 | 0
99 | 20000 | 1 | 0 | 36956160 | 62390272 | 0 | 0 | 1 | 1 | 1 | 8 | 0 | 0
100 | 20000 | 1 | 0 | 36956160 | 62390272 | 0 | 0 | 1 | 1 | 1 | 8 | 0 | 0
101 | 20000 | 1 | 0 | 36956160 | 62390272 | 0 | 0 | 1 | 1 | 1 | 8 | 0 | 0
102 | 20000 | 1 | 0 | 36956160 | 62390272 | 0 | 0 | 1 | 1 | 1 | 8 | 0 | 0
103 | 20000 | 1 | 0 | 36956160 | 62390272 | 0 | 0 | 1 | 1 | 1 | 8 | 0 | 0
104 | 20000 | 1 | 0 | 36956160 | 62390272 | 0 | 0 | 1 | 1 | 1 | 8 | 0 | 0
105 | 20000 | 1 | 0 | 36956160 | 62390272 | 0 | 0 | 1 | 1 | 1 | 8 | 0 | 0
106 | 20000 | 1 | 0 | 36956160 | 62390272 | 0 | 0 | 1 | 1 | 1 | 8 | 0 | 0
107 | 20000 | 1 | 0 | 36956160 | 62390272 | 0 | 0 | 1 | 1 | 1 | 8 | 0 | 0
108 | 20000 | 1 | 0 | 36956160 | 62390272 | 0 | 0 | 1 | 1 | 1 | 8 | 0 | 0
109 | 20000 | 1 | 0 | 36956160 | 62390272 | 0 | 0 | 1 | 1 | 1 | 8 | 0 | 0
110 | 20000 | 1 | 0 | 36956160 | 62390272 | 0 | 0 | 1 | 1 | 1 | 8 | 0 | 0
111 | 20000 | 1 | 0 | 36956160 | 62390272 | 0 | 0 | 1 | 1 | 1 | 8 | 0 | 0
112 | 20000 | 1 | 0 | 36956160 | 62390272 | 0 | 0 | 1 | 1 | 1 | 8 | 0 | 0
113 | 20000 | 1 | 0 | 36956160 | 62390272 | 0 | 0 | 1 | 1 | 1 | 8 | 0 | 0
114 | 20000 | 1 | 0 | 36956160 | 62390272 | 0 | 0 | 1 | 1 | 1 | 8 | 0 | 0
115 | 20000 | 1 | 0 | 36956160 | 62390272 | 0 | 0 | 1 | 1 | 1 | 8 | 0 | 0
116 | 20000 | 1 | 0 | 36956160 | 62390272 | 0 | 0 | 1 | 1 | 1 | 8 | 0 | 0
117 | 20000 | 1 | 0 | 36956160 | 62390272 | 0 | 0 | 1 | 1 | 1 | 8 | 0 | 0
118 | 20000 | 1 | 0 | 36956160 | 62390272 | 0 | 0 | 1 | 1 | 1 | 8 | 0 | 0
119 | 20000 | 1 | 0 | 36956160 | 62390272 | 0 | 0 | 1 | 1 | 1 | 8 | 0 | 0
120 | 20000 | 1 | 0 | 36956160 | 62390272 | 0 | 0 | 1 | 1 | 1 | 8 | 0 | 0
121 | 20000 | 1 | 0 | 36956160 | 62390272 | 0 | 0 | 1 | 1 | 1 | 8 | 0 | 0
122 | 20000 | 1 | 0 | 36956160 | 62390272 | 0 | 0 | 1 | 1 | 1 | 8 | 0 | 0
123 | 20000 | 1 | 0 | 36956160 | 62390272 | 0 | 0 | 1 | 1 | 1 | 8 | 0 | 0
124 | 20000 | 1 | 0 | 36956160 | 62390272 | 0 | 0 | 1 | 1 | 1 | 8 | 0 | 0
125 | 20000 | 1 | 0 | 36956160 | 62390272 | 0 | 0 | 1 | 1 | 1 | 8 | 0 | 0
126 | 20000 | 1 | 0 | 36956160 | 62390272 | 0 | 0 | 1 | 1 | 1 | 8 | 0 | 0
127 | 20000 | 1 | 0 | 36956160 | 62390272 | 0 | 0 | 1 | 1 | 1 | 8 | 0 | 0
128 | 20000 | 1 | 0 | 36956160 | 62390272 | 0 | 0 | 1 | 1 | 1 | 8 | 0 | 0
129 | 20000 | 1 | 0 | 36956160 | 62390272 | 0 | 0 | 1 | 1 | 1 | 8 | 0 | 0
130 | 20000 | 1 | 0 | 36956160 | 62390272 | 0 | 0 | 1 | 1 | 1 | 8 | 0 | 0
131 | 20000 | 1 | 0 | 36956160 | 62390272 | 0 | 0 | 1 | 1 | 1 | 8 | 0 | 0
132 | 20000 | 1 | 0 | 36956160 | 62390272 | 0 | 0 | 1 | 1 | 1 | 8 | 0 | 0
133 | 20000 | 1 | 0 | 36956160 | 62390272 | 0 | 0 | 1 | 1 | 1 | 8 | 0 | 0
134 | 20000 | 1 | 0 | 36956160 | 62390272 | 0 | 0 | 1 | 1 | 1 | 8 | 0 | 0
135 | 20000 | 1 | 0 | 36956160 | 62390272 | 0 | 0 | 1 | 1 | 1 | 8 | 0 | 0
136 | 20000 | 1 | 0 | 36956160 | 62390272 | 0 | 0 | 1 | 1 | 1 | 8 | 0 | 0
137 | 20000 | 1 | 0 | 36956160 | 62390272 | 0 | 0 | 1 | 1 | 1 | 8 | 0 | 0
138 | 20000 | 1 | 0 | 36956160 | 62390272 | 0 | 0 | 1 | 1 | 1 | 8 | 0 | 0
139 | 20000 | 1 | 0 | 36956160 | 62390272 | 0 | 0 | 1 | 1 | 1 | 8 | 0 | 0
140 | 20000 | 1 | 0 | 36956160 | 62390272 | 0 | 0 | 1 | 1 | 1 | 8 | 0 | 0
141 | 20000 | 1 | 0 | 36956160 | 62390272 | 0 | 0 | 1 | 1 | 1 | 8 | 0 | 0
142 | 20000 | 1 | 0 | 36956160 | 62390272 | 0 | 0 | 1 | 1 | 1 | 8 | 0 | 0
143 | 20000 | 1 | 0 | 36956160 | 62390272 | 0 | 0 | 1 | 1 | 1 | 8 | 0 | 0
144 | 20000 | 1 | 0 | 36956160 | 62390272 | 0 | 0 | 1 | 1 | 1 | 8 | 0 | 0
145 | 20000 | 1 | 0 | 36956160 | 62390272 | 0 | 0 | 1 | 1 | 1 | 8 | 0 | 0
146 | 20000 | 1 | 0 | 36956160 | 62390272 | 0 | 0 | 1 | 1 | 1 | 8 | 0 | 0
147 | 20000 | 1 | 0 | 36956160 | 62390272 | 0 | 0 | 1 | 1 | 1 | 8 | 0 | 0
148 | 20000 | 1 | 0 | 36956160 | 62390272 | 0 | 0 | 1 | 1 | 1 | 8 | 0 | 0
149 | 20000 | 1 | 0 | 36956160 | 62390272 | 0 | 0 | 1 | 1 | 1 | 8 | 0 | 0
150 | 20000 | 1 | 0 | 36956160 | 62390272 | 0 | 0 | 1 | 1 | 1 | 8 | 0 | 0
151 | 20000 | 1 | 0 | 36956160 | 62390272 | 0 | 0 | 1 | 1 | 1 | 8 | 0 | 0
152 | 20000 | 1 | 0 | 36956160 | 62390272 | 0 | 0 | 1 | 1 | 1 | 8 | 0 | 0
153 | 20000 | 1 | 0 | 36956160 | 62390272 | 0 | 0 | 1 | 1 | 1 | 8 | 0 | 0
154 | 20000 | 1 | 0 | 36956160 | 62390272 | 0 | 0 | 1 | 1 | 1 | 8 | 0 | 0
155 | 20000 | 1 | 0 | 36956160 | 62390272 | 0 | 0 | 1 | 1 | 1 | 8 | 0 | 0
156 | 20000 | 1 | 0 | 36956160 | 62390272 | 0 | 0 | 1 | 1 | 1 | 8 | 0 | 0
157 | 20000 | 1 | 0 | 36956160 | 62390272 | 0 | 0 | 1 | 1 | 1 | 8 | 0 | 0
158 | 20000 | 1 | 0 | 36956160 | 62390272 | 0 | 0 | 1 | 1 | 1 | 8 | 0 | 0
159 | 20000 | 1 | 0 | 36956160 | 62390272 | 0 | 0 | 1 | 1 | 1 | 8 | 0 | 0
160 | 20000 | 1 | 0 | 36956160 | 62390272 | 0 | 0 | 1 | 1 | 1 | 8 | 0 | 0
161 | 20000 | 1 | 0 | 36956160 | 62390272 | 0 | 0 | 1 | 1 | 1 | 8 | 0 | 0
162 | 20000 | 1 | 0 | 36956160 | 62390272 | 0 | 0 | 1 | 1 | 1 | 8 | 0 | 0
163 | 20000 | 1 | 0 | 36956160 | 62390272 | 0 | 0 | 1 | 1 | 1 | 8 | 0 | 0
164 | 20000 | 1 | 0 | 36956160 | 62390272 | 0 | 0 | 1 | 1 | 1 | 8 | 0 | 0
165 | 20000 | 1 | 0 | 36956160 | 62390272 | 0 | 0 | 1 | 1 | 1 | 8 | 0 | 0
166 | 20000 | 1 | 0 | 36956160 | 62390272 | 0 | 0 | 1 | 1 | 1 | 8 | 0 | 0
167 | 20000 | 1 | 0 | 36956160 | 62390272 | 0 | 0 | 1 | 1 | 1 | 8 | 0 | 0
168 | 20000 | 1 | 0 | 36956160 | 62390272 | 0 | 0 | 1 | 1 | 1 | 8 | 0 | 0
169 | 20000 | 1 | 0 | 36956160 | 62390272 | 0 | 0 | 1 | 1 | 1 | 8 | 0 | 0
170 | 20000 | 1 | 0 | 36956160 | 62390272 | 0 | 0 | 1 | 1 | 1 | 8 | 0 | 0
171 | 20000 | 1 | 0 | 36956160 | 62390272 | 0 | 0 | 1 | 1 | 1 | 8 | 0 | 0
172 | 20000 | 1 | 0 | 36956160 | 62390272 | 0 | 0 | 1 | 1 | 1 | 8 | 0 | 0
173 | 20000 | 1 | 0 | 36956160 | 62390272 | 0 | 0 | 1 | 1 | 1 | 8 | 0 | 0
174 | 20000 | 1 | 0 | 36956160 | 62390272 | 0 | 0 | 1 | 1 | 1 | 8 | 0 | 0
175 | 20000 | 1 | 0 | 36956160 | 62390272 | 0 | 0 | 1 | 1 | 1 | 8 | 0 | 0
176 | 20000 | 1 | 0 | 36956160 | 62390272 | 0 | 0 | 1 | 1 | 1 | 8 | 0 | 0
177 | 20000 | 1 | 0 | 36956160 | 62390272 | 0 | 0 | 1 | 1 | 1 | 8 | 0 | 0
178 | 20000 | 1 | 0 | 36956160 | 62390272 | 0 | 0 | 1 | 1 | 1 | 8 | 0 | 0
179 | 20000 | 1 | 0 | 36956160 | 62390272 | 0 | 0 | 1 | 1 | 1 | 8 | 0 | 0
180 | 20000 | 1 | 0 | 36956160 | 62390272 | 0 | 0 | 1 | 1 | 1 | 8 | 0 | 0
181 | 20000 | 1 | 0 | 36956160 | 62390272 | 0 | 0 | 1 | 1 | 1 | 8 | 0 | 0
182 | 20000 | 1 | 0 | 36956160 | 62390272 | 0 | 0 | 1 | 1 | 1 | 8 | 0 | 0
183 | 20000 | 1 | 0 | 36956160 | 62390272 | 0 | 0 | 1 | 1 | 1 | 8 | 0 | 0
184 | 20000 | 1 | 0 | 36956160 | 62390272 | 0 | 0 | 1 | 1 | 1 | 8 | 0 | 0
185 | 20000 | 1 | 0 | 36956160 | 62390272 | 0 | 0 | 1 | 1 | 1 | 8 | 0 | 0
186 | 20000 | 1 | 0 | 36956160 | 62390272 | 0 | 0 | 1 | 1 | 1 | 8 | 0 | 0
187 | 20000 | 1 | 0 | 36956160 | 62390272 | 0 | 0 | 1 | 1 | 1 | 8 | 0 | 0
188 | 20000 | 1 | 0 | 36956160 | 62390272 | 0 | 0 | 1 | 1 | 1 | 8 | 0 | 0
189 | 20000 | 1 | 0 | 36956160 | 62390272 | 0 | 0 | 1 | 1 | 1 | 8 | 0 | 0
190 | 20000 | 1 | 0 | 36956160 | 62390272 | 0 | 0 | 1 | 1 | 1 | 8 | 0 | 0
191 | 20000 | 1 | 0 | 36956160 | 62390272 | 0 | 0 | 1 | 1 | 1 | 8 | 0 | 0
192 | 20000 | 1 | 0 | 36956160 | 62390272 | 0 | 0 | 1 | 1 | 1 | 8 | 0 | 0
193 | 20000 | 1 | 0 | 36956160 | 62390272 | 0 | 0 | 1 | 1 | 1 | 8 | 0 | 0
194 | 20000 | 1 | 0 | 36956160 | 62390272 | 0 | 0 | 1 | 1 | 1 | 8 | 0 | 0
195 | 20000 | 1 | 0 | 36956160 | 62390272 | 0 | 0 | 1 | 1 | 1 | 8 | 0 | 0
196 | 20000 | 1 | 0 | 36956160 | 62390272 | 0 | 0 | 1 | 1 | 1 | 8 | 0 | 0
197 | 20000 | 1 | 0 | 36956160 | 62390272 | 0 | 0 | 1 | 1 | 1 | 8 | 0 | 0
198 | 20000 | 1 | 0 | 36956160 | 62390272 | 0 | 0 | 1 | 1 | 1 | 8 | 0 | 0
199 | 20000 | 1 | 0 | 36956160 | 62390272 | 0 | 0 | 1 | 1 | 1 | 8 | 0 | 0
200 | 20000 | 1 | 0 | 36956160 | 62390272 | 0 | 0 | 1 | 1 | 1 | 8 | 0 | 0
201 | 20000 | 1 | 0 | 36956160 | 62390272 | 0 | 0 | 1 | 1 | 1 | 8 | 0 | 0
202 | 20000 | 1 | 0 | 36956160 | 62390272 | 0 | 0 | 1 | 1 | 1 | 8 | 0 | 0
203 | 20000 | 1 | 0 | 36956160 | 62390272 | 0 | 0 | 1 | 1 | 1 | 8 | 0 | 0
204 | 20000 | 1 | 0 | 36956160 | 62390272 | 0 | 0 | 1 | 1 | 1 | 8 | 0 | 0
205 | 20000 | 1 | 0 | 36956160 | 62390272 | 0 | 0 | 1 | 1 | 1 | 8 | 0 | 0
206 | 20000 | 1 | 0 | 36956160 | 62390272 | 0 | 0 | 1 | 1 | 1 | 8 | 0 | 0
207 | 20000 | 1 | 0 | 36956160 | 62390272 | 0 | 0 | 1 | 1 | 1 | 8 | 0 | 0
208 | 20000 | 1 | 0 | 36956160 | 62390272 | 0 | 0 | 1 | 1 | 1 | 8 | 0 | 0
209 | 20000 | 1 | 0 | 36956160 | 62390272 | 0 | 0 | 1 | 1 | 1 | 8 | 0 | 0
210 | 20000 | 1 | 0 | 38535168 | 59244544 | 2097152 | 2 | 1 | 0 | 1 | 24 | 0 | 2
211 | 20000 | 1 | 0 | 38694912 | 59244544 | 2097152 | 2 | 1 | 0 | 1 | 24 | 0 | 2
212 | 20000 | 1 | 0 | 38854656 | 59244544 | 2097152 | 2 | 1 | 0 | 1 | 24 | 0 | 2
213 | 20000 | 1 | 0 | 39014400 | 59244544 | 2097152 | 2 | 1 | 0 | 1 | 24 | 0 | 2
214 | 20000 | 1 | 0 | 39174144 | 59244544 | 2097152 | 2 | 1 | 0 | 1 | 24 | 0 | 2
215 | 20000 | 1 | 0 | 39333888 | 59244544 | 2097152 | 2 | 1 | 0 | 1 | 24 | 0 | 0
216 | 20000 | 1 | 0 | 39493632 | 59244544 | 2097152 | 2 | 1 | 0 | 1 | 24 | 0 | 0
217 | 20000 | 1 | 0 | 39653376 | 59244544 | 2097152 | 2 | 1 | 0 | 1 | 24 | 0 | 0
218 | 20000 | 1 | 0 | 39813120 | 59244544 | 2097152 | 2 | 1 | 0 | 1 | 24 | 0 | 0
219 | 20000 | 1 | 0 | 39972864 | 59244544 | 2097152 | 2 | 1 | 0 | 1 | 24 | 0 | 0
220 | 20000 | 1 | 0 | 40132608 | 59244544 | 2097152 | 2 | 1 | 0 | 1 | 24 | 0 | 0
221 | 20000 | 1 | 0 | 40292352 | 59244544 | 2097152 | 2 | 0 | 0 | 1 | 24 | 0 | 0
222 | 20000 | 1 | 0 | 40452096 | 59244544 | 2064384 | 1 | 0 | 0 | 1 | 24 | 0 | 0
223 | 20000 | 1 | 0 | 40611840 | 59244544 | 1998848 | 1 | 0 | 0 | 1 | 24 | 0 | 0
224 | 20000 | 1 | 0 | 40771584 | 59244544 | 1900544 | 1 | 0 | 0 | 1 | 24 | 0 | 0
225 | 20000 | 1 | 0 | 40931328 | 59244544 | 1769472 | 1 | 0 | 0 | 1 | 24 | 0 | 0
226 | 20000 | 1 | 0 | 41091072 | 59244544 | 1605632 | 1 | 0 | 0 | 1 | 24 | 0 | 0
227 | 20000 | 1 | 0 | 41250816 | 59244544 | 1409024 | 1 | 0 | 0 | 1 | 24 | 0 | 0
228 | 20000 | 1 | 0 | 41410560 | 59244544 | 1179648 | 1 | 0 | 0 | 1 | 24 | 0 | 0
229 | 20000 | 1 | 0 | 41570304 | 59244544 | 917504 | 0 | 0 | 0 | 1 | 24 | 0 | 0
230 | 20000 | 1 | 0 | 41730048 | 59244544 | 622592 | 0 | 0 | 0 | 1 | 24 | 0 | 0
231 | 20000 | 1 | 0 | 41889792 | 59244544 | 294912 | 0 | 0 | 0 | 1 | 24 | 0 | 0
232 | 20000 | 1 | 0 | 42049536 | 59244544 | 0 | 0 | 1 | 0 | 1 | 24 | 0 | 0
233 | 20000 | 1 | 0 | 42209280 | 59244544 | 0 | 0 | 1 | 0 | 1 | 24 | 0 | 0
234 | 20000 | 1 | 0 | 42369024 | 59244544 | 0 | 0 | 1 | 0 | 1 | 24 | 0 | 0
235 | 20000 | 1 | 0 | 42528768 | 59244544 | 0 | 0 | 1 | 0 | 1 | 24 | 0 | 0
236 | 20000 | 1 | 0 | 42688512 | 59244544 | 0 | 0 | 1 | 0 | 1 | 24 | 0 | 0
237 | 20000 | 1 | 0 | 42848256 | 59244544 | 0 | 0 | 1 | 0 | 1 | 24 | 0 | 0
238 | 20000 | 1 | 0 | 43008000 | 59244544 | 0 | 0 | 1 | 0 | 1 | 24 | 0 | 0
239 | 20000 | 1 | 0 | 43167744 | 59244544 | 0 | 0 | 1 | 0 | 1 | 24 | 0 | 0
240 | 20000 | 1 | 0 | 43327488 | 59244544 | 0 | 0 | 1 | 0 | 1 | 24 | 0 | 0
241 | 20000 | 1 | 0 | 43487232 | 59244544 | 0 | 0 | 1 | 0 | 1 | 24 | 0 | 0
242 | 20000 | 1 | 0 | 43646976 | 59244544 | 0 | 0 | 1 | 0 | 1 | 24 | 0 | 0
243 | 20000 | 1 | 0 | 43806720 | 59244544 | 0 | 0 | 1 | 0 | 1 | 24 | 0 | 0
244 | 20000 | 1 | 0 | 43966464 | 59244544 | 0 | 0 | 1 | 0 | 1 | 24 | 0 | 0
245 | 20000 | 1 | 0 | 44126208 | 59244544 | 0 | 0 | 1 | 0 | 1 | 24 | 0 | 0
246 | 20000 | 1 | 0 | 44285952 | 59244544 | 0 | 0 | 1 | 0 | 1 | 24 | 0 | 0
247 | 20000 | 1 | 0 | 44445696 | 59244544 | 0 | 0 | 1 | 0 | 1 | 24 | 0 | 0
248 | 20000 | 1 | 0 | 44605440 | 59244544 | 0 | 0 | 1 | 0 | 1 | 24 | 0 | 0
249 | 20000 | 1 | 0 | 44765184 | 59244544 | 0 | 0 | 1 | 0 | 1 | 24 | 0 | 0
250 | 20000 | 1 | 0 | 44924928 | 59244544 | 0 | 0 | 1 | 0 | 1 | 24 | 0 | 0
251 | 20000 | 1 | 0 | 45084672 | 59244544 | 0 | 0 | 1 | 0 | 1 | 24 | 0 | 0
252 | 20000 | 1 | 0 | 45244416 | 59244544 | 0 | 0 | 1 | 0 | 1 | 24 | 0 | 0
253 | 20000 | 1 | 0 | 45404160 | 59244544 | 0 | 0 | 1 | 0 | 1 | 24 | 0 | 0
254 | 20000 | 1 | 0 | 45563904 | 59244544 | 0 | 0 | 1 | 0 | 1 | 24 | 0 | 0
255 | 20000 | 1 | 0 | 45723648 | 59244544 | 0 | 0 | 1 | 0 | 1 | 24 | 0 | 0
256 | 20000 | 1 | 0 | 45883392 | 59244544 | 0 | 0 | 1 | 0 | 1 | 24 | 0 | 0
257 | 20000 | 1 | 0 | 46043136 | 59244544 | 0 | 0 | 1 | 0 | 1 | 24 | 0 | 0
258 | 20000 | 1 | 0 | 46202880 | 59244544 | 0 | 0 | 1 | 0 | 1 | 24 | 0 | 0
259 | 20000 | 1 | 0 | 46362624 | 59244544 | 0 | 0 | 1 | 0 | 1 | 24 | 0 | 0
260 | 20000 | 1 | 0 | 46522368 | 59244544 | 0 | 0 | 1 | 0 | 1 | 24 | 0 | 0
261 | 20000 | 1 | 0 | 46682112 | 59244544 | 0 | 0 | 1 | 0 | 1 | 24 | 0 | 0
262 | 20000 | 1 | 0 | 46841856 | 59244544 | 0 | 0 | 1 | 0 | 1 | 24 | 0 | 0
263 | 20000 | 1 | 0 | 47001600 | 59244544 | 0 | 0 | 1 | 0 | 1 | 24 | 0 | 0
264 | 20000 | 1 | 0 | 47161344 | 59244544 | 0 | 0 | 1 | 0 | 1 | 24 | 0 | 0
265 | 20000 | 1 | 0 | 47321088 | 59244544 | 0 | 0 | 1 | 0 | 1 | 24 | 0 | 0
266 | 20000 | 1 | 0 | 47480832 | 59244544 | 0 | 0 | 1 | 0 | 1 | 24 | 0 | 0
267 | 20000 | 1 | 0 | 47640576 | 59244544 | 0 | 0 | 1 | 0 | 1 | 24 | 0 | 0
